function [lambdas] = loadLambda  
lambdas = [0.0000
    0.0000
    0.0000
    0.0000
    0.0000
    0.0000
    0.0000
    0.0000
    0.0000
    0.0000
    0.0001
    0.0001
    0.0001
    0.0001
    0.0001
    0.0001
    0.0001
    0.0001
    0.0001
    0.0001
    0.0001
    0.0001
    0.0002
    0.0002
    0.0002
    0.0002
    0.0002
    0.0002
    0.0003
    0.0003
    0.0003
    0.0004
    0.0004
    0.0004
    0.0005
    0.0005
    0.0006
    0.0006
    0.0007
    0.0008
    0.0008
    0.0009
    0.0010
    0.0011
    0.0012
    0.0013
    0.0015
    0.0016
    0.0018
    0.0019
    0.0021
    0.0023
    0.0025
    0.0028
    0.0031
    0.0034
    0.0037
    0.0040
    0.0044
    0.0049
    0.0053
    0.0059
    0.0064
    0.0071
    0.0078
    0.0085
    0.0093
    0.0103
    0.0113
    0.0123
    0.0136
    0.0149
    0.0163
    0.0179
    0.0197
    0.0216
    0.0237
    0.0260
    0.0285
    0.0313
    0.0344
    0.0377
    0.0414
    0.0454
    0.0498
    0.0547
    0.0600
    0.0659
    0.0723
    0.0794
    0.0871
    0.0956
    0.1049
    0.1151
    0.1264
     0.1387
    0.1522
    0.1671
    0.1833
    0.2012
    0.25];
end